1769.00210881485
550.650387291585
528.316412646429
524.878488299337
515.777668470241
514.575389522758
509.759844433641
505.642435201929
503.034780522907
502.733309361141
499.500297725378
499.084245597335
498.728180737218
498.550338761441
497.958447109106
496.955450236967
496.426085927329
494.786363100153
494.203369859786
492.578273634762
492.462604203358
491.078796393865
490.160570293327
489.017605223272
488.789651555763
487.369742040437
486.917111678663
486.070691853054
485.339504744272
485.058864346016
484.722523980123
484.666512595332
483.827892490483
483.772087658593
483.660516605166
482.658688147296
482.547630004602
481.661001378043
480.447193585338
480.00732433051
478.36496350365
477.711161731207
476.679622684396
475.275240793201
474.629851759647
474.576148449876
474.146959077549
474.09336498248
473.611562782294
472.970681100586
472.81073159734
472.757439134355
472.704158683647
472.650890241154
471.800224971878
470.688362697789
470.318905584212
469.897378444992
469.686898096305
469.0041373141
468.06204664658
467.905399375279
467.696699375558
467.331922005571
466.915729711678
466.085565062785
465.93023772495
465.82674366948
465.103570636505
464.485492801772
464.074352732906
463.817759593055
463.766475011057
462.080423047262
462.029521921128
461.927753303965
461.876885805528
461.521126760563
460.60882934329
459.750520662063
459.347716569927
459.297415681121
458.544222149339
457.993448351168
457.943443607381
457.045221750027
456.696864111498
456.547730488734
455.952168713991
455.902608695652
455.85305945006
455.605474690419
454.765694459503
454.667100271003
454.420801733478
454.371574043982
453.43827027027
453.43827027027
453.291256889657
453.14433880726
453.095387274495
453.046446316699
452.753022452504
452.704155423637
452.508792750027
452.021122965837
451.729025309639
451.729025309639
451.68037906526
451.534503175799
451.388721480844
451.34014849887
451.000430107527
450.274181427805
450.274181427805
450.129212277313
450.080909968881
449.887804354821
449.791313672922
449.598456426198
449.55026795284
449.357617313049
449.213237656635
449.020875709239
449.020875709239
449.020875709239
448.924756502194
448.876712328767
448.828678437667
448.828678437667
448.588663101604
448.492728828058
448.444777076874
448.396835578362
448.348904329236
448.253072565993
448.109401709402
448.013672292245
448.013672292245
447.678941189028
447.535638070849
447.487890750027
447.487890750027
447.440153616386
447.440153616386
447.297003305961
447.1539445629
447.1539445629
447.106278648332
447.058622894905
447.058622894905
446.963341858483
446.915716568993
446.915716568993
446.868101427658
446.820496431235
446.725316860155
446.67774227902
446.630177829837
446.630177829837
446.535079314383
446.535079314383
446.487545241644
446.487545241644
446.440021287919
446.392507449979
446.297510108534
446.297510108534
446.297510108534
446.250026598574
446.202553191489
446.155089884055
446.107636673048
446.107636673048
445.96533758639
445.870521951738
445.870521951738
445.823129251701
445.823129251701
445.728374070138
445.728374070138
445.586316795921
445.538984491183
445.491662241105
445.444350042481
445.349755786791
445.302473723325
445.255201698514
445.20793970916
445.16068775207
445.16068775207
445.113445824048
445.113445824048
445.113445824048
445.113445824048
445.066213921902
445.01899204244
444.971780182474
444.971780182474
444.971780182474
444.924578338814
444.830204687666
444.783032873807
444.783032873807
444.688719253605
444.641577440899
444.641577440899
444.641577440899
444.641577440899
444.594445622218
444.594445622218
444.594445622218
444.547323794383
444.500211954218
444.500211954218
444.453110098548
444.453110098548
444.4060182242
444.31186440678
444.31186440678
444.31186440678
444.217750476594
444.170708461294
444.170708461294
444.123676408302
444.123676408302
444.123676408302
444.076654314452
444.076654314452
443.935647756139
443.841693121693
443.841693121693
443.841693121693
443.70083571353
443.70083571353
443.653903109795
443.606980433633
443.606980433633
443.606980433633
443.606980433633
443.606980433633
443.606980433633
443.513164851433
443.466271939099
443.466271939099
443.372515856237
443.372515856237
443.325652679421
443.325652679421
443.278799408159
443.278799408159
443.278799408159
443.278799408159
443.231956039311
443.231956039311
443.231956039311
443.185122569738
443.185122569738
443.185122569738
443.185122569738
443.138298996302
443.138298996302
443.091485315867
442.997887621462
442.997887621462
442.997887621462
442.904329461457
442.904329461457
442.904329461457
442.904329461457
442.857565199029
442.857565199029
442.764066293677
442.764066293677
442.764066293677
442.717331644501
442.670606860158
442.670606860158
442.623891937526
442.623891937526
442.577186873483
442.530491664908
442.530491664908
442.483806308682
442.437130801688
442.390465140808
442.390465140808
442.390465140808
442.343809322928
442.343809322928
442.343809322928
442.343809322928
442.250527203711
442.250527203711
442.250527203711
442.203900896152
442.203900896152
442.203900896152
442.203900896152
442.203900896152
442.157284419144
442.157284419144
442.157284419144
442.157284419144
442.157284419144
442.110677769579
442.064080944351
442.064080944351
442.064080944351
442.064080944351
442.064080944351
442.064080944351
442.064080944351
442.064080944351
442.017493940352
442.017493940352
442.017493940352
442.017493940352
442.017493940352
442.017493940352
442.017493940352
442.017493940352
442.017493940352
442.017493940352
441.970916754478
441.970916754478
441.970916754478
441.924349383627
441.924349383627
441.924349383627
441.924349383627
441.877791824694
441.877791824694
441.831244074581
441.831244074581
441.831244074581
441.784706130187
441.784706130187
441.784706130187
441.784706130187
441.738177988415
441.738177988415
441.738177988415
441.738177988415
441.738177988415
441.691659646167
441.691659646167
441.691659646167
441.691659646167
441.691659646167
441.691659646167
441.598652347863
441.598652347863
441.598652347863
441.55216338562
441.55216338562
441.55216338562
441.505684210526
441.505684210526
441.505684210526
441.505684210526
441.505684210526
441.459214819493
441.459214819493
441.459214819493
441.459214819493
441.459214819493
441.41275520943
441.41275520943
441.366305377249
441.366305377249
441.366305377249
441.366305377249
441.366305377249
441.319865319865
441.319865319865
441.319865319865
441.273435034193
441.273435034193
441.273435034193
441.273435034193
441.227014517147
441.227014517147
441.227014517147
441.227014517147
441.227014517147
441.227014517147
441.227014517147
441.180603765646
441.180603765646
441.180603765646
441.180603765646
441.180603765646
441.180603765646
441.180603765646
441.134202776609
441.134202776609
441.134202776609
441.134202776609
441.134202776609
441.134202776609
441.087811546955
441.087811546955
441.087811546955
441.087811546955
441.087811546955
441.087811546955
441.041430073607
441.041430073607
441.041430073607
441.041430073607
441.041430073607
440.995058353485
440.995058353485
440.995058353485
440.995058353485
440.995058353485
440.995058353485
440.995058353485
440.995058353485
440.995058353485
440.995058353485
440.948696383516
440.948696383516
440.948696383516
440.902344160622
440.902344160622
440.902344160622
440.856001681732
440.856001681732
440.809668943773
440.809668943773
440.809668943773
440.809668943773
440.809668943773
440.809668943773
440.809668943773
440.809668943773
440.763345943674
440.763345943674
440.763345943674
440.763345943674
440.763345943674
440.717032678365
440.717032678365
440.717032678365
440.670729144778
440.670729144778
440.670729144778
440.670729144778
440.624435339847
440.624435339847
440.624435339847
440.624435339847
440.624435339847
440.578151260504
440.578151260504
440.578151260504
440.578151260504
440.578151260504
440.531876903687
440.531876903687
440.531876903687
440.531876903687
440.485612266331
440.485612266331
440.485612266331
440.439357345374
440.439357345374
440.439357345374
440.439357345374
440.439357345374
440.439357345374
440.393112137757
440.393112137757
440.34687664042
440.34687664042
440.34687664042
440.34687664042
440.300650850304
440.300650850304
440.300650850304
440.300650850304
440.300650850304
440.254434764354
440.254434764354
440.254434764354
440.254434764354
440.208228379513
440.162031692727
440.162031692727
440.162031692727
440.115844700944
440.115844700944
440.115844700944
440.069667401112
440.069667401112
440.069667401112
440.02349979018
440.02349979018
440.02349979018
440.02349979018
440.02349979018
440.02349979018
439.9773418651
439.9773418651
439.9773418651
439.9773418651
439.931193622824
439.931193622824
439.931193622824
439.885055060304
439.885055060304
439.885055060304
439.885055060304
439.885055060304
439.838926174497
439.838926174497
439.838926174497
439.838926174497
439.838926174497
439.838926174497
439.792806962357
439.792806962357
439.792806962357
439.792806962357
439.792806962357
439.746697420843
439.746697420843
439.746697420843
439.746697420843
439.746697420843
439.700597546913
439.700597546913
439.700597546913
439.700597546913
439.700597546913
439.700597546913
439.654507337526
439.654507337526
439.654507337526
439.654507337526
439.608426789645
439.608426789645
439.608426789645
439.608426789645
439.608426789645
439.562355900231
439.562355900231
439.562355900231
439.516294666248
439.516294666248
439.516294666248
439.516294666248
439.516294666248
439.470243084661
439.470243084661
439.470243084661
439.424201152436
439.424201152436
439.424201152436
439.424201152436
439.424201152436
439.424201152436
439.424201152436
439.424201152436
439.424201152436
439.378168866541
439.378168866541
439.378168866541
439.378168866541
439.378168866541
439.378168866541
439.378168866541
439.378168866541
439.378168866541
439.332146223945
439.332146223945
439.332146223945
439.332146223945
439.332146223945
439.286133221617
439.286133221617
439.286133221617
439.286133221617
439.24012985653
439.24012985653
439.24012985653
439.24012985653
439.24012985653
439.24012985653
439.194136125654
439.194136125654
439.194136125654
439.194136125654
439.148152025966
439.102177554439
439.102177554439
439.102177554439
439.05621270805
439.05621270805
439.010257483776
439.010257483776
439.010257483776
439.010257483776
439.010257483776
438.964311878598
438.964311878598
438.964311878598
438.964311878598
438.918375889494
438.918375889494
438.918375889494
438.918375889494
438.918375889494
438.918375889494
438.872449513446
438.872449513446
438.826532747437
438.826532747437
438.826532747437
438.780625588451
438.780625588451
438.780625588451
438.780625588451
438.734728033473
438.734728033473
438.68884007949
438.68884007949
438.68884007949
438.68884007949
438.68884007949
438.642961723489
438.642961723489
438.642961723489
438.642961723489
438.642961723489
438.642961723489
438.642961723489
438.597092962459
438.597092962459
438.551233793392
438.551233793392
438.551233793392
438.551233793392
438.551233793392
438.551233793392
438.505384213278
438.505384213278
438.505384213278
438.505384213278
438.505384213278
438.505384213278
438.505384213278
438.413713807881
438.413713807881
438.413713807881
438.367892976589
438.367892976589
438.367892976589
438.276280041797
438.276280041797
438.230487932295
438.230487932295
438.230487932295
438.230487932295
438.230487932295
438.230487932295
438.230487932295
438.230487932295
438.230487932295
438.184705390723
438.184705390723
438.184705390723
438.184705390723
438.138932414081
438.138932414081
438.138932414081
438.138932414081
438.138932414081
438.138932414081
438.138932414081
438.138932414081
438.138932414081
438.093168999373
438.093168999373
438.093168999373
438.093168999373
438.093168999373
438.093168999373
438.093168999373
438.093168999373
438.047415143603
438.047415143603
438.047415143603
438.047415143603
438.001670843776
438.001670843776
438.001670843776
438.001670843776
437.955936096899
437.955936096899
437.955936096899
437.955936096899
437.910210899979
437.864495250026
437.864495250026
437.81878914405
437.81878914405
437.81878914405
437.773092579063
437.773092579063
437.773092579063
437.773092579063
437.773092579063
437.727405552077
437.727405552077
437.727405552077
437.727405552077
437.727405552077
437.681728060106
437.681728060106
437.681728060106
437.681728060106
437.681728060106
437.636060100167
437.636060100167
437.636060100167
437.636060100167
437.590401669275
437.590401669275
437.590401669275
437.590401669275
437.590401669275
437.544752764448
437.544752764448
437.499113382706
437.499113382706
437.499113382706
437.499113382706
437.499113382706
437.499113382706
437.499113382706
437.453483521068
437.453483521068
437.453483521068
437.453483521068
437.453483521068
437.453483521068
437.407863176556
437.407863176556
437.407863176556
437.407863176556
437.407863176556
437.407863176556
437.407863176556
437.407863176556
437.362252346194
437.362252346194
437.362252346194
437.362252346194
437.362252346194
437.362252346194
437.362252346194
437.362252346194
437.362252346194
437.362252346194
437.362252346194
437.316651027004
437.316651027004
437.316651027004
437.316651027004
437.316651027004
437.316651027004
437.271059216013
437.271059216013
437.271059216013
437.271059216013
437.271059216013
437.225476910247
437.225476910247
437.225476910247
437.225476910247
437.225476910247
437.225476910247
437.225476910247
437.225476910247
437.179904106733
437.179904106733
437.179904106733
437.179904106733
437.179904106733
437.179904106733
437.179904106733
437.179904106733
437.134340802501
437.134340802501
437.134340802501
437.134340802501
437.134340802501
437.134340802501
437.088786994581
437.088786994581
437.088786994581
437.043242680004
437.043242680004
437.043242680004
437.043242680004
437.043242680004
436.997707855803
436.997707855803
436.952182519012
436.952182519012
436.952182519012
436.952182519012
436.952182519012
436.952182519012
436.906666666667
436.906666666667
436.861160295803
436.861160295803
436.861160295803
436.861160295803
436.861160295803
436.815663403458
436.815663403458
436.815663403458
436.815663403458
436.815663403458
436.815663403458
436.815663403458
436.770175986671
436.770175986671
436.770175986671
436.724698042482
436.724698042482
436.724698042482
436.724698042482
436.724698042482
436.724698042482
436.679229567933
436.679229567933
436.679229567933
436.679229567933
436.679229567933
436.679229567933
436.679229567933
436.679229567933
436.679229567933
436.679229567933
436.679229567933
436.679229567933
436.679229567933
436.633770560067
436.633770560067
436.633770560067
436.633770560067
436.633770560067
436.633770560067
436.588321015926
436.588321015926
436.542880932556
436.542880932556
436.542880932556
436.542880932556
436.542880932556
436.497450307004
436.497450307004
436.497450307004
436.497450307004
436.497450307004
436.452029136316
436.452029136316
436.452029136316
436.452029136316
436.452029136316
436.452029136316
436.406617417542
436.406617417542
436.406617417542
436.406617417542
436.406617417542
436.406617417542
436.406617417542
436.406617417542
436.406617417542
436.361215147732
436.361215147732
436.361215147732
436.361215147732
436.361215147732
436.361215147732
436.315822323936
436.315822323936
436.315822323936
436.315822323936
436.315822323936
436.315822323936
436.315822323936
436.315822323936
436.270438943208
436.270438943208
436.270438943208
436.270438943208
436.270438943208
436.270438943208
436.2250650026
436.2250650026
436.2250650026
436.179700499168
436.179700499168
436.179700499168
436.179700499168
436.179700499168
436.179700499168
436.179700499168
436.179700499168
436.179700499168
436.179700499168
436.134345429968
436.134345429968
436.134345429968
436.134345429968
436.088999792057
436.088999792057
436.088999792057
436.088999792057
436.088999792057
436.043663582493
436.043663582493
436.043663582493
436.043663582493
435.998336798337
435.998336798337
435.998336798337
435.998336798337
435.998336798337
435.998336798337
435.953019436649
435.953019436649
435.907711494492
435.907711494492
435.862412968929
435.862412968929
435.862412968929
435.817123857024
435.817123857024
435.817123857024
435.817123857024
435.817123857024
435.817123857024
435.817123857024
435.817123857024
435.771844155844
435.771844155844
435.771844155844
435.771844155844
435.771844155844
435.771844155844
435.771844155844
435.771844155844
435.726573862456
435.726573862456
435.726573862456
435.726573862456
435.726573862456
435.726573862456
435.681312973928
435.681312973928
435.636061487329
435.636061487329
435.636061487329
435.636061487329
435.636061487329
435.59081939973
435.59081939973
435.59081939973
435.59081939973
435.59081939973
435.59081939973
435.59081939973
435.545586708204
435.545586708204
435.545586708204
435.545586708204
435.545586708204
435.545586708204
435.500363409822
435.500363409822
435.500363409822
435.500363409822
435.500363409822
435.455149501661
435.455149501661
435.455149501661
435.455149501661
435.455149501661
435.455149501661
435.455149501661
435.455149501661
435.409944980795
435.409944980795
435.364749844301
435.364749844301
435.364749844301
435.364749844301
435.364749844301
435.364749844301
435.364749844301
435.319564089258
435.319564089258
435.319564089258
435.319564089258
435.319564089258
435.319564089258
435.319564089258
435.319564089258
435.319564089258
435.274387712744
435.274387712744
435.274387712744
435.274387712744
435.274387712744
435.274387712744
435.274387712744
435.274387712744
435.274387712744
435.274387712744
435.22922071184
435.22922071184
435.22922071184
435.22922071184
435.22922071184
435.22922071184
435.184063083627
435.184063083627
435.184063083627
435.184063083627
435.184063083627
435.184063083627
435.184063083627
435.184063083627
435.184063083627
435.138914825189
435.138914825189
435.138914825189
435.138914825189
435.09377593361
435.09377593361
435.09377593361
435.09377593361
435.09377593361
435.09377593361
435.09377593361
435.09377593361
435.048646405974
435.048646405974
435.048646405974
435.048646405974
435.048646405974
435.048646405974
435.048646405974
435.048646405974
435.003526239369
435.003526239369
435.003526239369
435.003526239369
435.003526239369
435.003526239369
435.003526239369
435.003526239369
434.958415430882
434.958415430882
434.958415430882
434.958415430882
434.958415430882
434.958415430882
434.958415430882
434.913313977603
434.913313977603
434.913313977603
434.913313977603
434.913313977603
434.913313977603
434.86822187662
434.86822187662
434.86822187662
434.86822187662
434.823139125026
434.823139125026
434.823139125026
434.778065719913
434.778065719913
434.778065719913
434.778065719913
434.778065719913
434.778065719913
434.733001658375
434.733001658375
434.733001658375
434.733001658375
434.733001658375
434.687946937506
434.687946937506
434.687946937506
434.687946937506
434.687946937506
434.642901554404
434.642901554404
434.642901554404
434.642901554404
434.642901554404
434.642901554404
434.597865506165
434.597865506165
434.597865506165
434.597865506165
434.552838789888
434.552838789888
434.552838789888
434.552838789888
434.552838789888
434.507821402673
434.507821402673
434.507821402673
434.507821402673
434.507821402673
434.507821402673
434.507821402673
434.46281334162
434.46281334162
434.46281334162
434.46281334162
434.46281334162
434.417814603832
434.417814603832
434.417814603832
434.417814603832
434.417814603832
434.372825186413
434.372825186413
434.372825186413
434.372825186413
434.372825186413
434.327845086466
434.327845086466
434.327845086466
434.327845086466
434.282874301098
434.282874301098
434.282874301098
434.282874301098
434.282874301098
434.282874301098
434.282874301098
434.282874301098
434.237912827415
434.237912827415
434.237912827415
434.237912827415
434.237912827415
434.237912827415
434.237912827415
434.237912827415
434.237912827415
434.192960662526
434.192960662526
434.192960662526
434.192960662526
434.14801780354
434.14801780354
434.14801780354
434.14801780354
434.14801780354
434.103084247568
434.103084247568
434.103084247568
434.103084247568
434.103084247568
434.103084247568
434.103084247568
434.058159991721
434.058159991721
434.058159991721
434.058159991721
434.058159991721
434.013245033113
434.013245033113
434.013245033113
434.013245033113
434.013245033113
434.013245033113
434.013245033113
434.013245033113
434.013245033113
433.968339368857
433.923442996069
433.923442996069
433.923442996069
433.923442996069
433.923442996069
433.923442996069
433.923442996069
433.923442996069
433.923442996069
433.878555911865
433.878555911865
433.878555911865
433.878555911865
433.878555911865
433.833678113364
433.833678113364
433.833678113364
433.833678113364
433.788809597683
433.788809597683
433.788809597683
433.788809597683
433.788809597683
433.788809597683
433.788809597683
433.743950361944
433.743950361944
433.743950361944
433.699100403267
433.699100403267
433.699100403267
433.699100403267
433.699100403267
433.699100403267
433.699100403267
433.699100403267
433.654259718776
433.654259718776
433.654259718776
433.654259718776
433.654259718776
433.654259718776
433.654259718776
433.609428305593
433.609428305593
433.564606160843
433.564606160843
433.564606160843
433.564606160843
433.564606160843
433.564606160843
433.564606160843
433.564606160843
433.564606160843
433.519793281654
433.519793281654
433.519793281654
433.519793281654
433.519793281654
433.474989665151
433.474989665151
433.474989665151
433.474989665151
433.474989665151
433.474989665151
433.474989665151
433.430195308463
433.430195308463
433.430195308463
433.430195308463
433.430195308463
433.430195308463
433.430195308463
433.385410208721
433.385410208721
433.385410208721
433.385410208721
433.385410208721
433.385410208721
433.340634363054
433.340634363054
433.340634363054
433.295867768595
433.295867768595
433.295867768595
433.295867768595
433.251110422477
433.251110422477
433.251110422477
433.251110422477
433.251110422477
433.251110422477
433.206362321834
433.206362321834
433.206362321834
433.206362321834
433.206362321834
433.206362321834
433.206362321834
433.161623463803
433.161623463803
433.161623463803
433.161623463803
433.161623463803
433.161623463803
433.161623463803
433.161623463803
433.116893845518
433.116893845518
433.116893845518
433.116893845518
433.116893845518
433.07217346412
433.07217346412
433.07217346412
433.07217346412
433.07217346412
433.07217346412
433.07217346412
433.027462316746
433.027462316746
433.027462316746
433.027462316746
432.982760400537
432.982760400537
432.982760400537
432.982760400537
432.982760400537
432.938067712634
432.938067712634
432.938067712634
432.938067712634
432.893384250181
432.893384250181
432.893384250181
432.893384250181
432.893384250181
432.893384250181
432.893384250181
432.893384250181
432.893384250181
432.893384250181
432.84871001032
432.84871001032
432.84871001032
432.84871001032
432.84871001032
432.84871001032
432.84871001032
432.84871001032
432.804044990197
432.804044990197
432.804044990197
432.804044990197
432.759389186958
432.759389186958
432.759389186958
432.759389186958
432.759389186958
432.759389186958
432.759389186958
432.759389186958
432.759389186958
432.759389186958
432.714742597751
432.714742597751
432.714742597751
432.714742597751
432.670105219724
432.670105219724
432.670105219724
432.670105219724
432.670105219724
432.670105219724
432.625477050026
432.625477050026
432.625477050026
432.580858085809
432.580858085809
432.580858085809
432.580858085809
432.580858085809
432.580858085809
432.580858085809
432.580858085809
432.536248324224
432.536248324224
432.536248324224
432.536248324224
432.536248324224
432.536248324224
432.536248324224
432.491647762425
432.447056397567
432.447056397567
432.447056397567
432.447056397567
432.447056397567
432.447056397567
432.447056397567
432.447056397567
432.447056397567
432.402474226804
432.402474226804
432.402474226804
432.402474226804
432.402474226804
432.402474226804
432.402474226804
432.402474226804
432.357901247294
432.357901247294
432.313337456195
432.313337456195
432.313337456195
432.313337456195
432.313337456195
432.313337456195
432.313337456195
432.313337456195
432.268782850665
432.268782850665
432.268782850665
432.268782850665
432.224237427865
432.224237427865
432.224237427865
432.224237427865
432.224237427865
432.224237427865
432.224237427865
432.224237427865
432.179701184956
432.179701184956
432.179701184956
432.179701184956
432.135174119102
432.135174119102
432.135174119102
432.135174119102
432.135174119102
432.135174119102
432.135174119102
432.135174119102
432.135174119102
432.135174119102
432.135174119102
432.135174119102
432.135174119102
432.090656227465
432.090656227465
432.090656227465
432.090656227465
432.090656227465
432.090656227465
432.046147507211
432.046147507211
432.046147507211
432.001647955505
432.001647955505
432.001647955505
432.001647955505
431.957157569516
431.957157569516
431.957157569516
431.912676346411
431.912676346411
431.912676346411
431.912676346411
431.912676346411
431.912676346411
431.868204283361
431.868204283361
431.868204283361
431.868204283361
431.823741377535
431.823741377535
431.823741377535
431.823741377535
431.823741377535
431.823741377535
431.779287626107
431.779287626107
431.779287626107
431.779287626107
431.779287626107
431.779287626107
431.779287626107
431.779287626107
431.779287626107
431.734843026248
431.734843026248
431.734843026248
431.734843026248
431.734843026248
431.734843026248
431.734843026248
431.690407575134
431.690407575134
431.690407575134
431.690407575134
431.690407575134
431.690407575134
431.690407575134
431.645981269939
431.645981269939
431.645981269939
431.645981269939
431.645981269939
431.645981269939
431.645981269939
431.645981269939
431.601564107841
431.601564107841
431.601564107841
431.601564107841
431.601564107841
431.601564107841
431.601564107841
431.601564107841
431.601564107841
431.601564107841
431.601564107841
431.601564107841
431.557156086017
431.557156086017
431.557156086017
431.557156086017
431.557156086017
431.557156086017
431.557156086017
431.557156086017
431.512757201646
431.512757201646
431.512757201646
431.512757201646
431.512757201646
431.512757201646
431.468367451908
431.468367451908
431.468367451908
431.468367451908
431.468367451908
431.468367451908
431.423986833985
431.423986833985
431.423986833985
431.423986833985
431.423986833985
431.423986833985
431.379615345058
431.379615345058
431.379615345058
431.379615345058
431.379615345058
431.335252982312
431.335252982312
431.335252982312
431.335252982312
431.335252982312
431.335252982312
431.335252982312
431.335252982312
431.290899742931
431.290899742931
431.290899742931
431.290899742931
431.290899742931
431.290899742931
431.290899742931
431.290899742931
431.2465556241
431.2465556241
431.2465556241
431.2465556241
431.2465556241
431.2465556241
431.2465556241
431.2465556241
431.2465556241
431.2465556241
431.202220623008
431.202220623008
431.157894736842
431.157894736842
431.157894736842
431.157894736842
431.157894736842
431.157894736842
431.157894736842
431.157894736842
431.113577962792
431.113577962792
431.113577962792
431.113577962792
431.113577962792
431.113577962792
431.113577962792
431.113577962792
431.069270298047
431.069270298047
431.069270298047
431.069270298047
431.069270298047
431.069270298047
431.024971739801
431.024971739801
431.024971739801
431.024971739801
431.024971739801
431.024971739801
431.024971739801
430.980682285245
430.980682285245
430.980682285245
430.980682285245
430.980682285245
430.980682285245
430.980682285245
430.980682285245
430.980682285245
430.936401931573
430.936401931573
430.936401931573
430.936401931573
430.936401931573
430.936401931573
430.892130675981
430.892130675981
430.892130675981
430.892130675981
430.892130675981
430.847868515665
430.847868515665
430.847868515665
430.847868515665
430.847868515665
430.847868515665
430.847868515665
430.847868515665
430.847868515665
430.847868515665
430.847868515665
430.803615447822
430.803615447822
430.803615447822
430.803615447822
430.803615447822
430.803615447822
430.759371469652
430.759371469652
430.759371469652
430.759371469652
430.759371469652
430.759371469652
430.759371469652
430.759371469652
430.759371469652
430.759371469652
430.759371469652
430.715136578353
430.715136578353
430.715136578353
430.715136578353
430.670910771126
430.670910771126
430.670910771126
430.670910771126
430.670910771126
430.670910771126
430.670910771126
430.626694045175
430.626694045175
430.626694045175
430.626694045175
430.626694045175
430.626694045175
430.626694045175
430.626694045175
430.5824863977
430.5824863977
430.5824863977
430.5824863977
430.5824863977
430.5824863977
430.5824863977
430.5824863977
430.538287825908
430.538287825908
430.538287825908
430.538287825908
430.494098327004
430.494098327004
430.494098327004
430.494098327004
430.494098327004
430.449917898194
430.449917898194
430.449917898194
430.449917898194
430.449917898194
430.449917898194
430.449917898194
430.405746536685
430.405746536685
430.405746536685
430.405746536685
430.405746536685
430.405746536685
430.405746536685
430.405746536685
430.405746536685
430.361584239688
430.361584239688
430.361584239688
430.361584239688
430.361584239688
430.361584239688
430.317431004412
430.317431004412
430.317431004412
430.317431004412
430.273286828067
430.273286828067
430.273286828067
430.273286828067
430.273286828067
430.273286828067
430.273286828067
430.229151707867
430.229151707867
430.229151707867
430.229151707867
430.229151707867
430.185025641026
430.185025641026
430.185025641026
430.185025641026
430.185025641026
430.185025641026
430.140908624756
430.140908624756
430.096800656276
430.096800656276
430.096800656276
430.0527017328
430.0527017328
430.008611851548
430.008611851548
430.008611851548
430.008611851548
430.008611851548
430.008611851548
430.008611851548
430.008611851548
429.964531009739
429.964531009739
429.964531009739
429.964531009739
429.964531009739
429.964531009739
429.920459204592
429.920459204592
429.920459204592
429.920459204592
429.920459204592
429.920459204592
429.920459204592
429.920459204592
429.920459204592
429.920459204592
429.87639643333
429.87639643333
429.87639643333
429.87639643333
429.87639643333
429.87639643333
429.87639643333
429.832342693175
429.832342693175
429.832342693175
429.832342693175
429.832342693175
429.832342693175
429.788297981351
429.788297981351
429.788297981351
429.788297981351
429.788297981351
429.788297981351
429.788297981351
429.788297981351
429.788297981351
429.744262295082
429.744262295082
429.744262295082
429.744262295082
429.744262295082
429.700235631595
429.700235631595
429.700235631595
429.700235631595
429.700235631595
429.700235631595
429.656217988117
429.656217988117
429.656217988117
429.612209361876
429.612209361876
429.612209361876
429.612209361876
429.612209361876
429.612209361876
429.612209361876
429.612209361876
429.612209361876
429.568209750102
429.568209750102
429.568209750102
429.568209750102
429.568209750102
429.568209750102
429.524219150026
429.524219150026
429.524219150026
429.480237558878
429.480237558878
429.480237558878
429.480237558878
429.480237558878
429.480237558878
429.480237558878
429.480237558878
429.480237558878
429.436264973892
429.436264973892
429.436264973892
429.436264973892
429.436264973892
429.436264973892
429.436264973892
429.436264973892
429.436264973892
429.392301392301
429.392301392301
429.392301392301
429.348346811342
429.348346811342
429.348346811342
429.348346811342
429.30440122825
429.30440122825
429.30440122825
429.260464640262
429.260464640262
429.260464640262
429.216537044617
429.216537044617
429.216537044617
429.216537044617
429.216537044617
429.172618438555
429.172618438555
429.172618438555
429.172618438555
429.172618438555
429.128708819317
429.128708819317
429.128708819317
429.128708819317
429.128708819317
429.084808184143
429.084808184143
429.084808184143
429.084808184143
429.040916530278
429.040916530278
429.040916530278
429.040916530278
428.997033854966
428.997033854966
428.997033854966
428.997033854966
428.997033854966
428.997033854966
428.953160155451
428.953160155451
428.953160155451
428.953160155451
428.90929542898
428.90929542898
428.90929542898
428.90929542898
428.865439672802
428.865439672802
428.865439672802
428.865439672802
428.865439672802
428.821592884163
428.821592884163
428.821592884163
428.777755060315
428.777755060315
428.777755060315
428.777755060315
428.777755060315
428.777755060315
428.777755060315
428.777755060315
428.777755060315
428.733926198508
428.733926198508
428.733926198508
428.690106295993
428.690106295993
428.690106295993
428.690106295993
428.690106295993
428.646295350026
428.646295350026
428.646295350026
428.646295350026
428.602493357858
428.602493357858
428.602493357858
428.602493357858
428.602493357858
428.602493357858
428.602493357858
428.602493357858
428.602493357858
428.558700316747
428.558700316747
428.558700316747
428.558700316747
428.558700316747
428.558700316747
428.558700316747
428.558700316747
428.514916223948
428.514916223948
428.514916223948
428.514916223948
428.514916223948
428.471141076719
428.471141076719
428.471141076719
428.427374872319
428.427374872319
428.427374872319
428.427374872319
428.383617608007
428.383617608007
428.383617608007
428.339869281046
428.339869281046
428.339869281046
428.339869281046
428.339869281046
428.339869281046
428.339869281046
428.296129888696
428.296129888696
428.296129888696
428.252399428221
428.252399428221
428.252399428221
428.252399428221
428.252399428221
428.252399428221
428.208677896886
428.208677896886
428.208677896886
428.164965291956
428.164965291956
428.164965291956
428.164965291956
428.164965291956
428.164965291956
428.164965291956
428.121261610697
428.121261610697
428.121261610697
428.121261610697
428.121261610697
428.077566850378
428.077566850378
428.077566850378
428.077566850378
428.077566850378
428.077566850378
428.077566850378
428.077566850378
428.077566850378
428.033881008266
428.033881008266
428.033881008266
428.033881008266
428.033881008266
427.990204081633
427.990204081633
427.990204081633
427.990204081633
427.990204081633
427.990204081633
427.990204081633
427.990204081633
427.990204081633
427.946536067748
427.946536067748
427.946536067748
427.946536067748
427.946536067748
427.946536067748
427.946536067748
427.902876963885
427.902876963885
427.902876963885
427.902876963885
427.902876963885
427.902876963885
427.859226767316
427.859226767316
427.859226767316
427.859226767316
427.815585475316
427.815585475316
427.815585475316
427.815585475316
427.771953085161
427.771953085161
427.771953085161
427.771953085161
427.728329594126
427.728329594126
427.728329594126
427.728329594126
427.728329594126
427.68471499949
427.68471499949
427.68471499949
427.68471499949
427.68471499949
427.641109298532
427.641109298532
427.597512488531
427.597512488531
427.597512488531
427.597512488531
427.597512488531
427.597512488531
427.553924566769
427.553924566769
427.553924566769
427.553924566769
427.553924566769
427.553924566769
427.553924566769
427.553924566769
427.510345530527
427.510345530527
427.510345530527
427.510345530527
427.510345530527
427.510345530527
427.510345530527
427.510345530527
427.510345530527
427.510345530527
427.466775377089
427.466775377089
427.466775377089
427.466775377089
427.466775377089
427.466775377089
427.466775377089
427.42321410374
427.42321410374
427.42321410374
427.42321410374
427.42321410374
427.42321410374
427.379661707764
427.379661707764
427.379661707764
427.379661707764
427.379661707764
427.379661707764
427.379661707764
427.379661707764
427.379661707764
427.379661707764
427.379661707764
427.336118186449
427.336118186449
427.336118186449
427.336118186449
427.336118186449
427.336118186449
427.336118186449
427.336118186449
427.336118186449
427.336118186449
427.292583537082
427.292583537082
427.292583537082
427.249057756952
427.249057756952
427.249057756952
427.249057756952
427.249057756952
427.205540843349
427.205540843349
427.205540843349
427.205540843349
427.205540843349
427.162032793564
427.162032793564
427.162032793564
427.162032793564
427.162032793564
427.118533604888
427.118533604888
427.118533604888
427.075043274616
427.075043274616
427.075043274616
427.075043274616
427.075043274616
427.075043274616
427.075043274616
427.075043274616
427.075043274616
427.075043274616
427.031561800041
427.031561800041
427.031561800041
427.031561800041
427.031561800041
426.988089178459
426.988089178459
426.988089178459
426.988089178459
426.988089178459
426.988089178459
426.988089178459
426.988089178459
426.988089178459
426.988089178459
426.944625407166
426.944625407166
426.944625407166
426.901170483461
426.901170483461
426.901170483461
426.857724404641
426.857724404641
426.857724404641
426.857724404641
426.857724404641
426.814287168007
426.814287168007
426.814287168007
426.814287168007
426.814287168007
426.814287168007
426.770858770859
426.770858770859
426.770858770859
426.770858770859
426.770858770859
426.770858770859
426.770858770859
426.770858770859
426.770858770859
426.7274392105
426.684028484232
426.684028484232
426.684028484232
426.684028484232
426.684028484232
426.684028484232
426.684028484232
426.64062658936
426.64062658936
426.59723352319
426.59723352319
426.59723352319
426.59723352319
426.59723352319
426.59723352319
426.553849283027
426.553849283027
426.553849283027
426.553849283027
426.553849283027
426.510473866179
426.510473866179
426.510473866179
426.510473866179
426.510473866179
426.467107269954
426.467107269954
426.467107269954
426.467107269954
426.467107269954
426.467107269954
426.467107269954
426.467107269954
426.423749491663
426.423749491663
426.423749491663
426.423749491663
426.423749491663
426.380400528616
426.380400528616
426.380400528616
426.380400528616
426.380400528616
426.380400528616
426.337060378126
426.337060378126
426.337060378126
426.337060378126
426.337060378126
426.337060378126
426.337060378126
426.337060378126
426.337060378126
426.293729037504
426.293729037504
426.293729037504
426.293729037504
426.293729037504
426.293729037504
426.293729037504
426.293729037504
426.293729037504
426.250406504065
426.250406504065
426.250406504065
426.250406504065
426.250406504065
426.250406504065
426.250406504065
426.250406504065
426.250406504065
426.250406504065
426.250406504065
426.250406504065
426.250406504065
426.250406504065
426.207092775124
426.207092775124
426.207092775124
426.207092775124
426.207092775124
426.207092775124
426.207092775124
426.163787847998
426.163787847998
426.163787847998
426.163787847998
426.163787847998
426.163787847998
426.120491720004
426.120491720004
426.120491720004
426.120491720004
426.120491720004
426.120491720004
426.07720438846
426.07720438846
426.07720438846
426.07720438846
426.07720438846
426.033925850686
426.033925850686
426.033925850686
426.033925850686
426.033925850686
426.033925850686
425.990656104002
425.990656104002
425.990656104002
425.990656104002
425.990656104002
425.990656104002
425.94739514573
425.94739514573
425.94739514573
425.94739514573
425.94739514573
425.94739514573
425.94739514573
425.94739514573
425.94739514573
425.94739514573
425.94739514573
425.904142973193
425.904142973193
425.904142973193
425.904142973193
425.904142973193
425.904142973193
425.860899583714
425.860899583714
425.860899583714
425.860899583714
425.860899583714
425.860899583714
425.860899583714
425.860899583714
425.817664974619
425.817664974619
425.817664974619
425.817664974619
425.817664974619
425.817664974619
425.817664974619
425.817664974619
425.817664974619
425.774439143234
425.774439143234
425.774439143234
425.774439143234
425.731222086886
425.731222086886
425.731222086886
425.731222086886
425.731222086886
425.688013802903
425.688013802903
425.644814288614
425.644814288614
425.644814288614
425.644814288614
425.644814288614
425.644814288614
425.644814288614
425.60162354135
425.60162354135
425.60162354135
425.60162354135
425.60162354135
425.60162354135
425.60162354135
425.60162354135
425.60162354135
425.60162354135
425.60162354135
425.60162354135
425.558441558442
425.558441558442
425.558441558442
425.558441558442
425.515268337222
425.515268337222
425.515268337222
425.515268337222
425.515268337222
425.515268337222
425.515268337222
425.515268337222
425.472103875025
425.472103875025
425.472103875025
425.472103875025
425.472103875025
425.472103875025
425.428948169186
425.428948169186
425.428948169186
425.385801217039
425.385801217039
425.385801217039
425.385801217039
425.385801217039
425.385801217039
425.385801217039
425.342663015921
425.342663015921
425.342663015921
425.342663015921
425.342663015921
425.342663015921
425.342663015921
425.342663015921
425.342663015921
425.299533563172
425.299533563172
425.299533563172
425.299533563172
425.299533563172
425.299533563172
425.299533563172
425.299533563172
425.256412856129
425.256412856129
425.256412856129
425.256412856129
425.256412856129
425.256412856129
425.256412856129
425.256412856129
425.256412856129
425.256412856129
425.256412856129
425.256412856129
425.213300892133
425.213300892133
425.213300892133
425.213300892133
425.170197668525
425.170197668525
425.170197668525
425.127103182647
425.127103182647
425.127103182647
425.127103182647
425.127103182647
425.127103182647
425.127103182647
425.127103182647
425.127103182647
425.127103182647
425.127103182647
425.127103182647
425.084017431844
425.084017431844
425.084017431844
425.084017431844
425.084017431844
425.084017431844
425.084017431844
425.084017431844
425.040940413458
425.040940413458
425.040940413458
425.040940413458
425.040940413458
425.040940413458
425.040940413458
425.040940413458
425.040940413458
425.040940413458
424.997872124835
424.997872124835
424.997872124835
424.997872124835
424.997872124835
424.997872124835
424.997872124835
424.997872124835
424.954812563323
424.954812563323
424.954812563323
424.954812563323
424.954812563323
424.954812563323
424.911761726269
424.911761726269
424.911761726269
424.911761726269
424.911761726269
424.911761726269
424.911761726269
424.911761726269
424.911761726269
424.911761726269
424.911761726269
424.868719611021
424.868719611021
424.868719611021
424.868719611021
424.868719611021
424.868719611021
424.868719611021
424.82568621493
424.82568621493
424.82568621493
424.82568621493
424.782661535345
424.782661535345
424.782661535345
424.782661535345
424.782661535345
424.782661535345
424.782661535345
424.73964556962
424.73964556962
424.73964556962
424.73964556962
424.696638315107
424.696638315107
424.696638315107
424.696638315107
424.696638315107
424.696638315107
424.653639769161
424.653639769161
424.653639769161
424.653639769161
424.653639769161
424.653639769161
424.653639769161
424.653639769161
424.610649929135
424.610649929135
424.610649929135
424.610649929135
424.610649929135
424.567668792388
424.567668792388
424.567668792388
424.567668792388
424.567668792388
424.567668792388
424.524696356275
424.524696356275
424.524696356275
424.524696356275
424.524696356275
424.481732618156
424.481732618156
424.481732618156
424.481732618156
424.481732618156
424.481732618156
424.481732618156
424.481732618156
424.481732618156
424.43877757539
424.43877757539
424.43877757539
424.395831225336
424.395831225336
424.352893565358
424.352893565358
424.352893565358
424.352893565358
424.352893565358
424.352893565358
424.352893565358
424.352893565358
424.309964592817
424.309964592817
424.309964592817
424.267044305078
424.267044305078
424.267044305078
424.267044305078
424.267044305078
424.267044305078
424.267044305078
424.267044305078
424.267044305078
424.267044305078
424.224132699504
424.224132699504
424.224132699504
424.181229773463
424.181229773463
424.181229773463
424.181229773463
424.181229773463
424.181229773463
424.181229773463
424.181229773463
424.181229773463
424.13833552432
424.13833552432
424.13833552432
424.13833552432
424.13833552432
424.13833552432
424.13833552432
424.095449949444
424.095449949444
424.095449949444
424.095449949444
424.095449949444
424.095449949444
424.052573046204
424.052573046204
424.052573046204
424.009704811969
424.009704811969
424.009704811969
424.009704811969
424.009704811969
424.009704811969
424.009704811969
424.009704811969
423.966845244112
423.966845244112
423.923994340004
423.881152097019
423.881152097019
423.881152097019
423.881152097019
423.881152097019
423.881152097019
423.881152097019
423.83831851253
423.83831851253
423.83831851253
423.83831851253
423.795493583914
423.795493583914
423.795493583914
423.795493583914
423.795493583914
423.752677308547
423.752677308547
423.752677308547
423.752677308547
423.752677308547
423.752677308547
423.752677308547
423.752677308547
423.709869683806
423.709869683806
423.709869683806
423.709869683806
423.709869683806
423.709869683806
423.709869683806
423.667070707071
423.667070707071
423.62428037572
423.62428037572
423.62428037572
423.62428037572
423.62428037572
423.62428037572
423.62428037572
423.581498687134
423.581498687134
423.581498687134
423.581498687134
423.581498687134
423.581498687134
423.581498687134
423.581498687134
423.538725638695
423.538725638695
423.538725638695
423.538725638695
423.538725638695
423.495961227787
423.495961227787
423.495961227787
423.495961227787
423.453205451792
423.410458308096
423.410458308096
423.410458308096
423.410458308096
423.410458308096
423.410458308096
423.410458308096
423.367719794085
423.367719794085
423.367719794085
423.367719794085
423.367719794085
423.367719794085
423.324989907146
423.324989907146
423.324989907146
423.324989907146
423.324989907146
423.282268644666
423.282268644666
423.282268644666
423.239556004036
423.239556004036
423.196851982646
423.196851982646
423.196851982646
423.196851982646
423.154156577885
423.154156577885
423.154156577885
423.154156577885
423.154156577885
423.111469787148
423.111469787148
423.111469787148
423.111469787148
423.068791607827
423.068791607827
423.068791607827
423.068791607827
423.068791607827
423.026122037317
423.026122037317
422.983461073013
422.983461073013
422.983461073013
422.983461073013
422.983461073013
422.940808712312
422.940808712312
422.940808712312
422.898164952611
422.898164952611
422.85552979131
422.85552979131
422.812903225806
422.812903225806
422.812903225806
422.812903225806
422.812903225806
422.812903225806
422.770285253503
422.770285253503
422.770285253503
422.770285253503
422.7276758718
422.7276758718
422.7276758718
422.7276758718
422.7276758718
422.685075078101
422.685075078101
422.685075078101
422.685075078101
422.685075078101
422.685075078101
422.642482869811
422.642482869811
422.642482869811
422.642482869811
422.642482869811
422.599899244333
422.599899244333
422.557324199073
422.557324199073
422.557324199073
422.557324199073
422.557324199073
422.557324199073
422.557324199073
422.514757731439
422.514757731439
422.514757731439
422.514757731439
422.514757731439
422.47219983884
422.429650518683
422.387109768379
422.387109768379
422.344577585339
422.344577585339
422.344577585339
422.302053966975
422.302053966975
422.259538910702
422.259538910702
422.259538910702
422.259538910702
422.259538910702
422.259538910702
422.259538910702
422.259538910702
422.259538910702
422.259538910702
422.217032413932
422.217032413932
422.217032413932
422.174534474082
422.174534474082
422.132045088567
422.132045088567
422.132045088567
422.132045088567
422.089564254805
422.089564254805
422.047091970215
422.047091970215
422.004628232217
422.004628232217
421.962173038229
421.962173038229
421.962173038229
421.919726385675
421.919726385675
421.919726385675
421.919726385675
421.919726385675
421.877288271977
421.877288271977
421.877288271977
421.834858694559
421.792437650845
421.792437650845
421.792437650845
421.792437650845
421.75002513826
421.75002513826
421.75002513826
421.75002513826
421.707621154233
421.707621154233
421.707621154233
421.66522569619
421.66522569619
421.66522569619
421.62283876156
421.62283876156
421.62283876156
421.580460347774
421.580460347774
421.580460347774
421.580460347774
421.538090452261
421.453376205788
421.453376205788
421.411031849694
421.411031849694
421.368696001607
421.368696001607
421.368696001607
421.368696001607
421.326368658965
421.326368658965
421.326368658965
421.284049819204
421.284049819204
421.284049819204
421.284049819204
421.241739479763
421.241739479763
421.241739479763
421.19943763808
421.157144291596
421.157144291596
421.114859437751
421.114859437751
421.114859437751
421.114859437751
421.072583073989
421.030315197751
421.030315197751
421.030315197751
420.988055806484
420.988055806484
420.988055806484
420.988055806484
420.945804897631
420.945804897631
420.945804897631
420.90356246864
420.90356246864
420.90356246864
420.90356246864
420.90356246864
420.90356246864
420.90356246864
420.861328516958
420.861328516958
420.861328516958
420.861328516958
420.861328516958
420.861328516958
420.819103040032
420.819103040032
420.776886035313
420.776886035313
420.776886035313
420.776886035313
420.734677500251
420.734677500251
420.734677500251
420.692477432297
420.692477432297
420.692477432297
420.692477432297
420.692477432297
420.650285828904
420.650285828904
420.650285828904
420.608102687525
420.608102687525
420.608102687525
420.608102687525
420.52376178063
420.52376178063
420.52376178063
420.481604010025
420.481604010025
420.481604010025
420.439454691259
420.439454691259
420.439454691259
420.39731382179
420.355181399078
420.270941883768
420.270941883768
420.270941883768
420.270941883768
420.270941883768
420.228834786094
420.228834786094
420.186736125025
420.186736125025
420.144645898027
420.144645898027
420.144645898027
420.102564102564
420.102564102564
420.102564102564
420.102564102564
420.060490736104
420.060490736104
420.060490736104
420.018425796115
420.018425796115
420.018425796115
419.976369280064
419.976369280064
419.976369280064
419.934321185423
419.892281509661
419.892281509661
419.892281509661
419.85025025025
419.85025025025
419.808227404664
419.808227404664
419.556266880064
419.514302860572
419.514302860572
419.514302860572
419.514302860572
419.472347234723
419.4304
419.4304
419.346530693861
419.304608617415
419.304608617415
419.220789605197
419.220789605197
419.178892664401
419.178892664401
419.178892664401
419.137004097132
419.095123900879
419.095123900879
419.095123900879
418.969533513136
418.927686775869
418.885848397084
418.885848397084
418.802196704943
418.760383386581
418.718578416692
418.718578416692
418.718578416692
418.676781792773
418.634993512327
418.593213572854
418.593213572854
418.593213572854
418.551441971859
418.509678706845
418.467923775317
418.467923775317
418.467923775317
418.467923775317
418.426177174781
418.384438902743
418.384438902743
418.342708956713
418.342708956713
418.342708956713
418.300987334198
418.259274032708
418.217569049756
418.217569049756
418.092503987241
418.092503987241
418.009168825992
417.967513702043
417.759362549801
417.759362549801
417.759362549801
417.759362549801
417.717757195498
417.676160127465
417.634571343224
417.592990840303
417.551418616227
417.509854668525
417.34368159204
417.34368159204
417.260644647831
417.260644647831
417.260644647831
417.260644647831
417.219138565602
417.136151168573
417.136151168573
417.053196778363
416.970275375286
416.970275375286
416.928827037773
416.887386939668
416.845955078513
416.845955078513
416.845955078513
416.804531451853
416.804531451853
416.763116057234
416.763116057234
416.763116057234
416.763116057234
416.721708892201
416.721708892201
416.638919241085
416.556162478896
416.514796425025
416.473438586039
416.473438586039
416.432088959492
416.390747542937
416.349414333929
416.225463927756
416.101587301587
415.936533121777
415.895290034705
415.812828392981
415.812828392981
415.73039944494
415.73039944494
415.689197224975
415.648003171143
415.606817281015
415.483308568598
415.442155309033
415.359873242226
415.318744430142
415.318744430142
415.236511236511
415.236511236511
415.113222486144
415.072142503711
415.031070651098
414.990006925893
414.866864490603
414.743795115198
414.538841668314
414.538841668314
414.293164757013
414.25224691358
414.170435469537
413.925194907727
413.925194907727
413.884349713835
413.884349713835
413.76186248397
413.76186248397
413.76186248397
413.72104951667
413.639447731755
413.598658909378
413.557878130546
413.354094806347
413.313362238865
413.231921182266
412.987790468688
412.947130058088
412.906477653081
412.865833251304
412.743948041724
412.581546330907
412.500393391031
412.500393391031
412.297650643861
412.297650643861
412.014145383104
411.973676456144
411.852317360566
411.529042386185
411.085367048907
411.004801567859
411.004801567859
410.884012539185
410.843765305123
410.562255285826
410.441726196301
410.40156555773
410.361412777615
410.321267853649
410.080563159953
409.960316684586
409.640003906632
409.40009760859
409.40009760859
409.200390243902
409.200390243902
409.120561841592
409.040764579676
408.483054148812
408.483054148812
408.1650447645
408.125328403231
408.085619770383
408.045918863703
407.887192453564
407.609718172983
407.530509133307
407.451330872353
407.41175327829
406.661237153384
406.621812893844
404.738396217312
404.58223208257
404.387196297725
403.06592350567
402.794967828676
402.138446788111
402.022812230423
401.907244154849
401.907244154849
401.33039900488
400.870113734111
400.105313364495
399.83832221163
399.685915761387
399.685915761387
399.343425687899
395.689056603774
393.572675236933
391.405748413587
391.077296037296
385.293404372589
384.869150302808
382.831690397955
382.308267250023
380.332245194051
376.745172011138
375.665382892969
370.521554770318
370.129191669608
363.489383828755
362.797681861431
361.266494401378
360.676240433399
356.446332965072
354.368367691788
348.885709532524
343.457582705536
342.140794518313
340.557323806431
338.824137652476
338.796768982229
337.461099042562
331.696638987742
322.316452777991
320.444953777982
318.304925248539
316.312518853695
316.193290614399
314.722293089217
313.874429394597
308.336690435933
308.110188790127
305.640457625884
305.4401398194
296.501060370423
255.23665794438
252.516797110175
233.353955713809
202.868391777509
98.6639693255863
63.1710343996626
61.7435927632451
60.5911907891886
55.3805851906623
39.1372878351016
0.833974874798506